2017568586
2017562865
2017564192
2017565899
2017567243
2017552408
2017554322
2017513421
2016986153
2017462542
2017113755
2017503795
2017444157
2017557086
2015003102
2017530022
2017521402
2017560469
2017543202
2017529337
2017558214
2017554205
2017537891
2017560311
2017548231
2017548750
2017557219
2017556050
2017556325
2017554023
2017416000
2017555103
2017544560
2017069772
2017527553
2017545094
2017548190
2017550476
2017516722
2017525378
2017543411
2017529313
2017397450
2017494274
2017416521
2017514713
2017528924
2017043733
2017529247
2017531963
2017341002
2017410058
2017527767
2017526529
2017536585
2017371974
2017403397
2017480987
2017526319
2017487869
2017512669
2017526375
2017513788
2017496015
2017514447
2017527412
2017534781
2017514170
2017528132
2017108819
2017373254
2017494277
2017417614
2017512931
2017331830
2017389946
2017390009
2017519419
2017391666
2017488913
2017423586
